    0.0911
    0.1573
    0.2268
    0.2752
    0.3218
    0.3669
    0.4114
    0.4559
    0.4859
    0.5164
    0.5474
    0.5786
    0.6097
    0.6311
    0.6517
    0.6711
    0.6893
    0.7060
    0.7213
    0.7355
    0.7489
    0.7619
    0.7747
    0.7783
    0.7825
    0.7874
    0.7931
    0.7994
    0.7923
    0.7850
    0.7771
    0.7679
    0.7567
    0.7351
    0.7105
    0.6822
    0.6500
    0.6138
    0.5675
    0.5183
    0.4672
    0.3935
    0.3239
    0.2596
    0.1955
    0.1408
    0.0959
    0.0604
    0.0459
    0.0342
    0.0246
    0.0165
    0.0091
         0.
         0.
         0.
         0.
         0.
         0.
         0.
         0.
         0.
         0.
         0.
         0.
         0.
         0.
         0.
         0.
         0.
         0.
         0.
         0.
         0.
         0.
         0.
         0.
         0.
         0.
